519
45.4030 141.7504    0.62   -0.10   -0.67 0.48 0.30 0.77 
44.4337 143.2242    1.27   -0.07   -0.05 0.48 0.30 0.76 
44.3980 141.7563    1.28    0.04   -0.66 0.48 0.30 0.77 
43.9157 144.6758    2.90   -0.17    1.61 0.49 0.30 0.79 
43.5079 144.4490    0.88   -0.51   -1.24 0.50 0.29 0.78 
43.5897 142.4825    2.08    0.36   -0.19 0.48 0.29 0.77 
43.8540 141.5104    1.06    0.02   -0.58 0.48 0.30 0.77 
43.0701 145.1296    0.97    0.13   -0.20 0.50 0.29 0.78 
42.9633 144.4319    1.36    0.23   -0.18 0.49 0.29 0.77 
43.0286 143.4592    0.24   -0.03    0.37 0.48 0.29 0.78 
42.9805 142.4020    1.57   -0.02    1.12 0.48 0.29 0.78 
43.1779 141.0309    0.97    0.10   -0.28 0.49 0.30 0.78 
42.9833 141.7307    1.27    0.18   -0.07 0.48 0.30 0.77 
42.3216 143.3310   -0.68    0.11   -2.48 0.49 0.28 0.80 
42.3569 142.3646    0.96    0.31   -0.92 0.46 0.28 0.77 
42.4507 139.8577   -0.16    0.16   -0.44 0.48 0.29 0.77 
42.3742 140.9424    1.34    0.16   -0.97 0.49 0.30 0.80 
42.0059 143.1565    2.26    0.26    0.05 0.49 0.29 0.78 
42.1535 139.5196   -0.36    0.09   -0.81 0.47 0.28 0.76 
42.0081 140.1073    0.73    0.22   -0.86 0.48 0.28 0.78 
41.8261 140.7478   -0.47    0.07   -0.32 0.48 0.29 0.77 
41.4664 140.0407    0.86    0.02   -0.88 0.48 0.30 0.77 
41.3008 141.2133    1.88    0.52   -0.36 0.48 0.30 0.78 
40.7790 140.2730    0.84   -0.11   -1.14 0.48 0.30 0.78 
40.1334 141.7891   -0.55    0.03   -1.43 0.49 0.29 0.80 
39.5724 141.9400    0.13    0.08   -0.01 0.48 0.29 0.79 
39.1106 141.2040   -0.12    0.81   -1.03 0.49 0.29 0.78 
39.9679 139.7762    0.49    0.30   -1.06 0.48 0.29 0.77 
39.3987 140.0483    0.82    0.09   -0.74 0.48 0.29 0.77 
38.8946 139.8089   -3.18    0.30   -1.23 0.46 0.28 0.77 
38.7586 140.3188    2.02    0.12   -0.12 0.48 0.29 0.78 
38.3310 140.3661    0.50    0.02   -1.04 0.48 0.29 0.79 
38.4492 141.4412    0.89    0.24    0.02 0.50 0.29 0.80 
38.3175 140.9542    1.52    0.22   -1.12 0.48 0.28 0.79 
37.8007 140.9081    0.52    0.34   -1.55 0.49 0.28 0.79 
37.6437 139.7915    0.82    0.22   -0.88 0.48 0.29 0.80 
37.0907 140.9025   -0.32   -0.11    0.22 0.49 0.28 0.81 
36.5399 140.6119   -0.62    0.72   -0.92 0.50 0.28 0.81 
36.4018 139.7264   -0.53    0.50   -1.85 0.50 0.28 0.82 
36.6970 138.9063    1.44    1.05   -1.41 0.50 0.29 0.84 
36.2590 138.8654    1.42    0.92   -0.25 0.50 0.28 0.83 
36.4998 137.8511    1.02    0.73   -2.22 0.48 0.28 0.80 
35.9236 137.9438    0.18    0.28   -0.61 0.50 0.28 0.81 
35.5903 138.5833    0.83    0.60   -0.48 0.50 0.28 0.82 
38.2307 139.5096    1.08    0.24   -1.36 0.48 0.29 0.78 
37.8965 138.9889    0.60    0.60   -1.84 0.48 0.29 0.77 
37.3977 138.5744   -5.29    0.07   -0.79 0.48 0.28 0.80 
36.9290 137.4872    1.01    0.47   -0.89 0.47 0.28 0.78 
37.3824 136.8892    2.09    0.44   -0.47 0.48 0.29 0.80 
36.6634 136.6499    0.62    0.44   -1.55 0.48 0.28 0.79 
36.2312 136.1730    1.74    0.33   -1.07 0.47 0.28 0.78 
36.1360 137.3479    0.39    0.54   -0.88 0.48 0.28 0.80 
35.8005 137.2484   -0.14    0.65   -1.37 0.49 0.28 0.82 
35.5261 136.9000    1.73    0.60   -0.98 0.48 0.28 0.80 
35.3968 137.4676    0.16    0.40   -0.35 0.46 0.28 0.80 
35.0947 136.1582   -0.17    0.36   -1.23 0.50 0.28 0.82 
35.1281 137.0413   -0.06    0.40   -0.02 0.48 0.28 0.81 
34.7590 136.5023   -0.06    0.28    0.26 0.50 0.28 0.82 
34.4654 136.8511   -0.06    0.27   -1.48 0.50 0.28 0.83 
34.0607 136.1984    0.75    0.89   -1.08 0.48 0.27 0.82 
34.8380 135.5010    0.21    0.60   -0.91 0.48 0.28 0.83 
34.3923 135.8514    0.29    0.78   -0.97 0.48 0.28 0.80 
34.1577 135.2215    0.72    0.78   -0.47 0.48 0.28 0.81 
33.4834 135.7644   -0.06    0.51   -1.23 0.48 0.28 0.80 
34.7848 134.5504   -0.12    0.32   -0.37 0.48 0.28 0.79 
35.4339 133.0587    0.64    0.59   -0.63 0.47 0.28 0.78 
35.0028 132.2090    0.95    0.40   -0.13 0.47 0.28 0.78 
34.6165 131.6104    1.27    0.60   -0.33 0.47 0.28 0.78 
34.5488 133.5280    1.09    0.35   -0.16 0.47 0.28 0.78 
33.9966 130.9136    0.78    0.34    0.02 0.47 0.28 0.79 
33.3159 134.1221    0.91    0.41   -2.49 0.48 0.28 0.80 
33.5292 133.5783    0.60    0.55    0.27 0.48 0.28 0.80 
33.2729 133.2418    0.31    0.37    0.91 0.49 0.28 0.85 
32.7557 132.9664    0.55    0.40   -1.22 0.48 0.28 0.80 
33.4690 132.2812    1.50    0.32   -0.61 0.47 0.28 0.80 
33.7307 130.4768    1.21    0.75   -1.31 0.47 0.28 0.80 
33.4615 131.6914    1.59    0.38    0.04 0.49 0.28 0.80 
33.3311 130.9678   -0.23    1.11   -0.71 0.48 0.28 0.79 
32.9246 131.8764    0.80    0.31   -0.28 0.47 0.28 0.80 
33.4761 129.8503    0.38    0.78    0.11 0.49 0.28 0.81 
32.5464 130.6456    2.82    0.88    0.51 0.51 0.30 0.88 
32.4454 131.6323    1.61    0.60   -1.13 0.49 0.28 0.82 
32.0218 131.4697   -0.03    0.18   -0.14 0.48 0.28 0.80 
32.0132 130.1901    0.67    0.74   -0.42 0.48 0.28 0.80 
31.2646 130.2995    0.11    0.31   -0.87 0.49 0.28 0.82 
31.2585 131.0875   -0.03    0.49   -0.19 0.49 0.28 0.82 
45.3358 142.1697    1.41    0.32   -0.06 0.48 0.30 0.77 
45.0024 142.5371    0.67    0.43   -0.28 0.48 0.29 0.77 
44.8925 141.7414    1.41    0.18   -0.31 0.48 0.30 0.77 
44.7285 142.2652    0.93    0.40   -0.24 0.48 0.30 0.77 
44.4270 141.3301    1.11    0.36   -0.69 0.49 0.30 0.78 
44.2946 142.6256    1.11    0.32   -0.19 0.48 0.28 0.77 
44.0639 144.0298    1.29    0.34   -0.72 0.48 0.30 0.78 
44.0192 145.1861   -2.70    1.03   -2.79 0.50 0.30 0.78 
44.0068 142.1517    1.25    0.48    0.18 0.48 0.30 0.77 
44.0056 143.3337   -0.02    0.23   -0.44 0.48 0.29 0.78 
42.8945 143.9269    1.21    0.52    0.46 0.50 0.29 0.78 
43.5494 144.9870    1.16    0.59   -1.24 0.50 0.30 0.78 
43.8489 143.7873    0.75    0.51   -1.35 0.48 0.28 0.78 
43.6618 145.1314    1.90    0.07    0.34 0.50 0.29 0.78 
43.4087 144.7743   -0.07    0.21   -0.89 0.50 0.29 0.79 
43.4047 141.4312    0.11    0.67   -0.42 0.48 0.29 0.77 
43.3825 145.1150   -0.79    0.42   -0.73 0.49 0.29 0.78 
43.3669 145.8011    1.29    0.43    0.07 0.49 0.29 0.78 
43.2926 140.5971    1.37    0.96   -0.10 0.48 0.29 0.77 
43.2895 143.5624    0.99    0.24    0.81 0.49 0.28 0.77 
43.2329 144.3250    0.57    0.83   -0.34 0.50 0.29 0.78 
43.1206 144.1265    0.81    0.41    0.34 0.49 0.28 0.78 
43.0576 144.8430    1.23    0.59   -0.80 0.50 0.29 0.78 
43.0568 140.4992    1.11    0.41   -0.58 0.48 0.29 0.77 
42.9853 140.5439    0.61    0.41   -0.42 0.48 0.29 0.78 
42.9714 141.2903    0.47   -0.12   -0.80 0.48 0.30 0.77 
42.8579 140.8833    1.29    0.93   -0.08 0.48 0.30 0.77 
42.8027 140.6035   -0.38    0.82    0.73 0.45 0.28 0.77 
42.7864 140.2332    0.99    0.10    0.69 0.48 0.29 0.77 
34.9498 139.0699    1.00    0.72    1.01 0.50 0.28 0.82 
35.1749 134.0495    1.30    0.85   -0.83 0.49 0.28 0.80 
40.8344 140.8105   -1.70    0.27   -0.79 0.49 0.30 0.80 
37.3618 140.3244    1.57    0.18   -0.72 0.49 0.29 0.80 
33.8184 133.4618    0.60    0.43    0.23 0.48 0.28 0.81 
45.5141 141.9553    0.88    0.17   -0.14 0.48 0.30 0.77 
45.2301 141.8818    0.49    0.22   -0.33 0.48 0.30 0.77 
44.9905 142.2923    1.59    0.56   -1.40 0.48 0.31 0.79 
44.7432 142.0387    0.86    0.23   -0.81 0.48 0.30 0.77 
44.5465 142.5712    0.71    0.16    0.30 0.48 0.30 0.77 
44.3323 142.9358    1.20    0.02   -0.16 0.48 0.30 0.78 
44.3177 141.8722   -0.38    0.18   -0.63 0.48 0.30 0.77 
44.2609 143.3646    1.45    0.26    0.37 0.50 0.31 0.80 
44.1655 142.4009    1.72    0.17   -0.19 0.48 0.30 0.77 
44.1144 142.6012    0.99    0.23   -0.56 0.48 0.30 0.78 
44.0650 144.9935    2.98   -0.14    1.19 0.49 0.30 0.78 
44.0521 141.8608    0.18    0.43   -0.54 0.48 0.30 0.77 
43.9099 143.5342   -0.23    0.08   -0.28 0.48 0.29 0.78 
43.8893 142.2365    0.55    0.37   -0.97 0.48 0.30 0.77 
43.8787 143.1767    0.88    0.10    0.42 0.48 0.29 0.78 
43.7940 145.0569    3.60    0.43    0.72 0.45 0.30 0.77 
43.7257 142.1323    1.35    0.09   -0.30 0.48 0.30 0.77 
43.7103 143.3811    0.72    0.72   -0.08 0.49 0.30 0.79 
43.6469 142.7944    1.34   -0.07   -0.37 0.48 0.29 0.78 
43.6446 143.9917    1.04    0.28    0.01 0.50 0.30 0.80 
43.5560 145.2204    3.35    0.21    0.51 0.46 0.30 0.78 
43.5459 144.7190    0.54    0.69   -0.31 0.49 0.29 0.77 
43.5216 142.1876    1.99   -0.12    0.44 0.45 0.30 0.77 
43.5042 141.6168    1.03    0.29   -0.23 0.48 0.29 0.77 
43.4736 143.7539    1.33    0.00    0.66 0.49 0.29 0.79 
43.3665 143.1870    0.54    0.11    1.36 0.49 0.28 0.80 
43.3207 140.3783    0.22    0.28    1.47 0.50 0.30 0.82 
43.2405 141.3460    1.03    0.34   -0.55 0.48 0.30 0.77 
43.2209 141.6520    1.19    0.51   -0.05 0.48 0.30 0.78 
43.2182 144.9707    1.89    0.10    0.09 0.50 0.30 0.78 
43.1713 143.0278   -5.04    0.43   -0.54 0.48 0.28 0.78 
43.1650 142.5670    2.34    0.30   -0.16 0.48 0.29 0.78 
43.1494 144.4965    2.68    0.28   -0.19 0.50 0.30 0.79 
43.1404 141.2033    0.72    0.03   -0.76 0.48 0.29 0.77 
43.1239 143.5977    2.34    0.21   -0.60 0.50 0.30 0.78 
43.0826 140.8111    0.54    0.26    0.17 0.48 0.29 0.77 
42.8906 142.5323    1.01    0.53   -0.97 0.48 0.28 0.78 
42.8003 143.6555    1.24   -0.19    0.69 0.50 0.29 0.77 
42.8033 142.9537    0.98    0.26    0.28 0.48 0.28 0.77 
42.6853 140.0118    1.18    0.52    0.92 0.48 0.29 0.77 
42.6740 143.3128    1.30    0.30    0.74 0.50 0.29 0.78 
42.5543 142.3959    0.74    0.08    0.07 0.48 0.30 0.78 
42.2772 142.7679    1.64    0.28   -0.58 0.49 0.29 0.78 
41.7406 140.9293    0.88    0.21    0.35 0.51 0.30 0.85 
41.7113 140.5350    0.30    0.28   -1.75 0.48 0.30 0.78 
41.4662 141.0945    1.92   -0.64   -0.20 0.51 0.30 0.86 
41.1997 140.9838    0.95    0.34   -1.50 0.48 0.29 0.77 
41.1609 141.3857    1.35    0.38   -0.09 0.48 0.29 0.77 
40.7306 140.0110    1.17    0.36    0.19 0.48 0.29 0.79 
40.5800 141.1060    2.37    0.28   -1.21 0.46 0.29 0.78 
40.5088 141.3320    1.13    0.14   -0.96 0.48 0.29 0.77 
40.2710 141.4849    0.05    0.47   -0.47 0.49 0.29 0.79 
40.1067 141.0465    0.62    0.37   -0.46 0.50 0.30 0.82 
39.9709 141.6622    1.11    0.30   -1.34 0.51 0.30 0.86 
39.6394 141.4262    1.99    0.61   -0.69 0.52 0.30 0.87 
39.5544 140.8363    0.51    0.85   -3.98 0.50 0.29 0.79 
39.4647 141.2930    1.98    0.97   -1.80 0.52 0.30 0.94 
39.2354 141.3117    0.28    0.20   -1.13 0.49 0.29 0.78 
39.0121 141.4009    0.01    0.81   -2.61 0.50 0.29 0.80 
38.9954 141.1486    1.42    0.53    0.52 0.48 0.29 0.79 
38.9340 140.8332    0.67    0.18   -2.97 0.48 0.29 0.78 
38.7432 141.3179    0.99    0.23   -1.12 0.50 0.29 0.83 
38.6861 141.0044    1.98    0.44   -0.09 0.50 0.29 0.79 
38.6606 141.1608   -0.47    0.33   -0.98 0.48 0.29 0.79 
38.5718 140.7278    0.98    0.60   -0.74 0.50 0.29 0.82 
38.5098 141.3045    9.55    0.75   -0.95 0.48 0.28 0.78 
37.8246 140.7277    1.14    0.47   -0.08 0.48 0.28 0.78 
40.3394 140.0276    0.99    0.43   -0.97 0.48 0.29 0.78 
40.1833 140.4082   -0.09    0.17    0.22 0.53 0.30 0.94 
40.0997 140.0055   -6.03    0.11   -0.27 0.48 0.29 0.77 
39.9214 140.5359    1.56    0.36   -1.40 0.49 0.30 0.81 
39.5276 140.0539    0.17    0.37   -0.48 0.48 0.29 0.78 
39.5081 140.5961    0.88    0.44   -0.52 0.49 0.29 0.79 
39.1462 140.7151    0.41    0.50   -1.15 0.49 0.29 0.79 
39.0544 140.4474    1.45    0.44   -2.14 0.48 0.29 0.78 
38.9381 140.1835   -0.09    0.40   -1.95 0.48 0.29 0.79 
38.7521 140.4973   -0.99    0.73   -1.84 0.49 0.29 0.80 
38.7012 139.6745   -0.33    0.43   -0.78 0.50 0.29 0.81 
38.1704 140.3939    0.93    0.52   -0.80 0.50 0.29 0.85 
37.9206 139.8794    0.72    0.09   -1.42 0.50 0.29 0.81 
37.8335 140.4468   -0.44    0.61   -2.22 0.48 0.29 0.78 
37.5911 140.5717    0.88    0.29   -1.07 0.49 0.28 0.79 
37.4613 139.8355   -0.05    0.51   -0.86 0.48 0.29 0.79 
37.4449 140.4641    0.83    0.24    0.87 0.48 0.28 0.79 
37.3262 139.6864    0.49    0.44   -0.47 0.50 0.29 0.84 
37.2930 140.2128   -0.60    0.59   -1.43 0.48 0.28 0.79 
37.2106 140.4510   -0.33    0.00    0.25 0.49 0.29 0.79 
37.1831 140.7160    0.43    0.18   -0.88 0.50 0.29 0.82 
37.0236 140.3763   -0.12    0.70   -0.44 0.48 0.28 0.78 
36.9326 140.6902    0.21    0.79   -1.84 0.49 0.29 0.81 
36.4758 140.3857    0.97    0.20   -0.84 0.49 0.28 0.81 
37.1247 140.0354    0.42    0.36   -2.28 0.50 0.28 0.81 
36.8722 139.5053   -4.02    0.54    0.24 0.49 0.29 0.81 
36.5376 139.7528   -4.14    0.38   -0.31 0.48 0.28 0.80 
36.4566 139.9025   -0.12    0.51   -0.06 0.48 0.28 0.80 
36.8374 139.0609    1.24    0.46   -1.70 0.49 0.29 0.82 
36.5914 138.8479    0.41    0.22    0.96 0.49 0.28 0.80 
36.3953 139.0167    0.41    0.64   -0.38 0.49 0.29 0.82 
36.2677 139.2546    3.05    0.44   -0.26 0.49 0.29 0.81 
36.2003 138.7030    0.75    0.50   -1.28 0.50 0.28 0.94 
35.9299 138.9261    1.20    0.78   -1.26 0.49 0.28 0.84 
35.1438 139.9685   -0.82    0.37   -0.39 0.50 0.28 0.84 
35.3915 139.3661   -5.24    0.40    0.99 0.50 0.28 0.81 
37.5403 139.1115    1.69    0.59   -1.31 0.49 0.29 0.80 
37.2121 138.6346    1.01    0.20    0.74 0.48 0.29 0.81 
37.1576 139.2471    1.61    0.58   -2.17 0.49 0.29 0.82 
37.1071 138.4574   -0.28    0.67   -0.92 0.48 0.28 0.79 
36.7790 140.2965    1.05    0.68   -0.88 0.50 0.28 0.82 
36.9195 137.0264    0.98    0.29   -0.90 0.50 0.29 0.82 
36.8643 137.5513    0.62    0.21   -0.96 0.48 0.28 0.79 
36.7580 137.1545   -1.05    0.26   -0.23 0.48 0.28 0.80 
36.5921 136.8064    6.32    0.33   -1.33 0.49 0.28 0.80 
36.4728 137.2392    1.67    0.19   -0.06 0.51 0.30 0.94 
37.4323 137.0339   -2.99    0.34   -0.74 0.48 0.29 0.79 
37.2264 136.9088    0.63    0.47    0.20 0.47 0.28 0.78 
36.5373 136.5407    1.16    0.43   -0.92 0.49 0.28 0.79 
36.2296 136.3616    1.66    0.44   -0.47 0.49 0.28 0.84 
36.1097 136.0490   -5.98   -0.12   -0.83 0.47 0.29 0.97 
35.9014 136.6577    1.25    0.47   -0.13 0.51 0.30 0.89 
35.8882 136.3396    0.75    0.33   -1.03 0.47 0.28 0.78 
35.4866 135.7556    0.71    0.41   -0.50 0.49 0.28 0.80 
35.9049 138.4442    5.34    0.48    0.19 0.51 0.28 0.92 
35.4677 138.6069    0.28    0.55   -0.71 0.48 0.28 0.80 
36.7066 138.0967    0.63    0.59   -0.95 0.48 0.28 0.79 
36.5236 138.1210    0.48    0.03    0.06 0.50 0.28 0.86 
36.2610 138.3660    0.84    0.55   -0.17 0.48 0.28 0.79 
35.9446 137.7854    0.74    0.23   -1.01 0.48 0.28 0.81 
35.8784 138.0957    1.01    0.45   -2.00 0.49 0.28 0.81 
35.6612 137.6202    0.20    0.48   -0.99 0.50 0.28 0.89 
36.1403 137.0805    0.83    0.67   -0.63 0.48 0.29 0.82 
35.7235 136.7846   -0.22    0.50   -1.11 0.52 0.29 0.91 
35.5231 137.3091    0.73    0.50   -1.24 0.48 0.28 0.81 
35.1000 137.5753    0.30    0.49   -0.08 0.48 0.28 0.80 
34.9173 137.1524    0.97    0.34   -0.09 0.49 0.28 0.81 
34.7401 136.9385   -0.63    0.26   -0.01 0.48 0.28 0.80 
34.4203 136.4745    3.18    0.32   -0.27 0.49 0.28 0.81 
33.8770 135.9283    1.17    0.07   -1.49 0.51 0.28 0.88 
35.4195 135.0876    0.50    0.62   -1.70 0.48 0.28 0.80 
35.3335 135.3407    1.01    0.30   -0.67 0.49 0.29 0.87 
35.1552 135.6342    0.30    0.45   -1.00 0.48 0.28 0.80 
34.3265 135.2199    0.22    0.41   -0.73 0.48 0.28 0.81 
34.7604 134.3761    1.14    0.19   -0.45 0.48 0.28 0.79 
34.7106 136.0419    1.58    0.53   -0.63 0.50 0.28 0.82 
34.2420 135.8548    0.89    0.37   -0.73 0.50 0.29 0.91 
33.6688 135.8821    0.78    0.50   -1.00 0.48 0.28 0.81 
35.5299 134.1953    8.80    0.50   -1.24 0.48 0.28 0.79 
35.5069 133.4951    1.04    0.32    0.14 0.48 0.28 0.78 
35.4932 133.8698    2.30    0.42   -1.05 0.48 0.28 0.80 
35.3406 134.1560    0.58    0.50   -0.91 0.49 0.29 0.87 
35.4919 132.9220   -0.43    0.45   -1.29 0.49 0.28 0.84 
35.3107 133.1921    1.14    0.51   -0.77 0.47 0.28 0.80 
35.3097 132.9027    1.57    0.48   -0.87 0.49 0.28 0.84 
35.2331 132.6690    0.99    0.41   -0.51 0.50 0.29 0.91 
35.0319 132.3856    1.05    0.39   -0.23 0.48 0.28 0.79 
34.8567 132.6852    0.46    0.38   -0.32 0.48 0.29 0.84 
34.7779 132.1095   -0.09    0.44   -1.14 0.50 0.28 0.82 
34.6243 131.8103    0.37    0.38    0.14 0.48 0.28 0.82 
35.2830 133.6808   -1.71    0.34   -0.27 0.49 0.28 0.81 
35.1050 133.9127    1.26    0.22   -0.33 0.48 0.28 0.84 
34.7381 133.8004    1.17    0.32   -0.03 0.47 0.28 0.80 
34.5903 133.9726    1.51    0.28   -0.29 0.47 0.28 0.80 
35.0352 132.9021    0.69    0.49   -0.84 0.47 0.28 0.78 
34.6337 132.9081    1.00    0.57   -0.33 0.47 0.28 0.79 
34.6122 133.3413    0.97    0.44    0.34 0.51 0.28 0.88 
34.5156 133.1402    1.25    0.58    0.60 0.48 0.29 0.86 
34.1846 132.6920    4.43    0.33   -0.48 0.50 0.28 0.88 
34.0692 132.5316    0.14    0.24   -0.05 0.47 0.28 0.80 
34.1953 131.7353    0.69    0.42   -0.74 0.47 0.28 0.79 
34.0901 132.0527    0.43    0.57   -0.06 0.47 0.28 0.78 
34.0205 131.1130    0.26    0.44   -1.03 0.47 0.28 0.78 
33.8459 132.1200   -2.48   -0.01    0.11 0.53 0.29 0.89 
33.9937 134.4573   -0.86    1.29   -0.04 0.48 0.28 0.80 
33.9346 134.2112    1.28    0.69   -0.60 0.52 0.29 0.97 
34.4785 134.1760  -12.45    0.08   -0.18 0.47 0.28 0.80 
34.3259 133.8994    1.11    0.27    0.20 0.47 0.28 0.80 
33.9742 133.3507    0.44    0.26   -0.71 0.50 0.28 0.82 
33.8841 133.0474   -4.93    0.49   -1.21 0.48 0.28 0.80 
33.6427 132.7985    0.58    0.41   -0.57 0.51 0.29 1.01 
33.3051 132.7437    0.86    0.49    0.25 0.48 0.28 0.81 
33.0961 132.6336   -0.22    0.60   -0.12 0.49 0.28 0.86 
33.6258 133.5310    0.35    0.33   -0.53 0.47 0.28 0.81 
33.6070 133.1545    0.95    0.06   -0.29 0.48 0.28 0.82 
33.4971 134.0993    0.15    0.26   -0.58 0.51 0.31 0.92 
33.4167 133.0895   -0.34    0.35   -1.37 0.48 0.28 0.82 
33.3949 134.2055    1.11    1.42    0.29 0.48 0.28 0.82 
33.1931 132.9721    0.59    0.67   -0.04 0.47 0.28 0.80 
32.9611 132.8315   -0.54    0.44   -0.64 0.48 0.28 0.80 
32.7386 132.5554    0.00    0.29   -0.34 0.47 0.28 0.82 
33.9297 130.7224   -0.43    0.12   -1.16 0.48 0.28 0.79 
33.8670 130.9711   -0.28    0.88    1.01 0.43 0.30 0.90 
33.6831 130.2969    0.02    0.34   -0.68 0.48 0.28 0.81 
33.5798 130.6757    0.80    0.51   -1.02 0.49 0.28 0.82 
33.5647 130.9954    0.69    0.60   -0.51 0.47 0.28 0.82 
33.5030 130.0793   -0.51    0.74   -0.53 0.47 0.28 0.78 
33.2920 130.0972    0.01    0.39   -0.10 0.47 0.28 0.79 
33.0734 129.8630  -17.82   -0.03   -1.18 0.46 0.28 0.80 
32.7683 129.9589    0.20    0.50    0.50 0.50 0.29 0.91 
33.0601 130.6218   -0.19    1.48   -1.04 0.48 0.28 0.80 
32.9959 130.8727    0.24    1.77   -1.21 0.47 0.28 0.81 
32.7092 130.7484   11.12   18.02   -1.98 0.47 0.28 0.79 
32.3961 130.8273    0.14   -0.60    1.14 0.53 0.30 1.06 
32.3674 130.1799    0.83    0.64   -0.25 0.48 0.28 0.85 
32.3435 130.6565    0.81   -0.12    0.29 0.52 0.29 0.97 
32.2924 130.9864    0.51   -0.22   -0.33 0.47 0.28 0.80 
33.5143 131.5212    0.94    0.42    0.46 0.47 0.28 0.79 
33.3838 131.2917   -0.47    0.33   -0.22 0.47 0.28 0.79 
33.0962 131.7484    0.13    0.35   -1.93 0.49 0.28 0.83 
32.9364 132.0390    0.67   -0.58    1.85 0.50 0.28 0.89 
32.8989 131.4415   -0.22    0.23   -0.36 0.48 0.28 0.82 
32.8522 131.6292    0.13    0.19   -0.03 0.48 0.28 0.81 
32.5279 131.3647    0.03    0.35   -0.35 0.48 0.28 0.82 
32.3162 131.5830    0.59    0.29   -0.99 0.49 0.28 0.85 
32.1119 131.3475    0.13    0.38   -0.86 0.49 0.28 0.81 
32.0018 131.2545   -0.75    0.19   -1.00 0.48 0.28 0.81 
31.8778 130.9770    0.65    0.06    0.56 0.48 0.28 0.81 
31.7860 131.4701    0.11    0.44    0.04 0.50 0.28 0.83 
31.7438 130.7357   -0.52    0.28   -1.07 0.48 0.28 0.81 
31.5646 130.9983    0.24    0.10   -1.34 0.48 0.28 0.86 
31.4503 130.3401    0.01    0.41    0.01 0.52 0.28 0.89 
31.3772 130.5406    0.27    0.34   -1.21 0.47 0.28 0.80 
31.2427 130.8671    0.72    0.31   -1.30 0.47 0.28 0.81 
26.3863 127.9937    1.66    0.24   -1.88 0.51 0.28 0.89 
26.3127 127.7604    0.24   -0.25   -0.03 0.51 0.28 0.91 
26.1946 127.6776    2.95    0.54   -1.68 0.56 0.30 0.99 
34.9675 137.4231   -0.26    0.53   -0.72 0.48 0.28 0.81 
34.5439 136.9818    0.00    0.44   -1.02 0.50 0.28 0.82 
34.3736 136.8020   -0.45    0.84   -0.95 0.49 0.28 0.82 
33.6473 135.4060   -0.45    0.54   -0.68 0.51 0.28 0.85 
33.5201 135.8341   -0.35    0.69   -1.26 0.50 0.28 0.82 
33.9328 134.5100   -0.17    0.85   -0.90 0.48 0.28 0.81 
33.8220 134.4846    0.16    0.49   -1.47 0.49 0.28 0.82 
33.5104 132.5647    0.64    0.35   -0.62 0.47 0.28 0.79 
33.5457 133.4317    0.11    0.42   -0.19 0.49 0.28 0.83 
33.5425 133.6998   -0.57    0.44   -0.44 0.42 0.28 0.79 
33.3674 134.0562   -0.16    0.43   -1.16 0.50 0.28 0.82 
33.2661 134.1781   -0.13    0.70   -2.03 0.48 0.28 0.81 
33.3121 132.9740   -0.05    0.44   -1.03 0.49 0.28 0.83 
32.8695 132.9822   -0.34    0.59   -1.19 0.48 0.28 0.83 
35.4051 136.7288   -0.48    1.00   -1.09 0.48 0.28 0.80 
34.6033 136.4319    0.68    0.92   -0.83 0.49 0.28 0.81 
33.5458 133.0432   -0.56    0.11   -1.58 0.51 0.29 0.94 
33.0395 132.4888    0.71    0.51   -0.11 0.48 0.29 0.87 
35.4904 133.6996    0.36    0.29   -0.74 0.47 0.28 0.79 
34.7021 137.6369    1.37    0.57   -0.17 0.49 0.28 0.82 
33.0788 131.3840   -0.42    0.63   -0.22 0.48 0.28 0.81 
34.2851 136.5405   -0.21    0.85    0.19 0.48 0.28 0.82 
32.9277 132.6758    1.55    0.20   -0.26 0.49 0.28 0.80 
34.9307 136.2956   -0.74    1.13   -0.24 0.48 0.28 0.81 
38.9019 141.2832    1.16    0.24   -1.66 0.49 0.29 0.80 
34.0438 131.8350    0.18    0.75   -0.78 0.48 0.28 0.80 
34.4900 136.7282   -0.28    0.91   -0.67 0.48 0.28 0.80 
34.2966 136.6932   -0.12    0.33   -0.53 0.51 0.28 0.88 
42.5579 140.8988    0.39    0.63    0.75 0.48 0.29 0.79 
34.4921 132.6503    0.64    0.34   -0.81 0.47 0.28 0.79 
33.7746 134.1142   -4.74    0.37   -1.35 0.56 0.30 0.95 
33.7694 135.3053    0.37    0.48   -1.07 0.48 0.28 0.80 
33.6608 135.9706   -0.09    0.64   -0.05 0.48 0.28 0.82 
37.0007 136.7727   -0.57    0.80   -0.93 0.49 0.29 0.80 
39.3620 141.0547   -0.26    0.85   -1.08 0.42 0.29 0.77 
34.6723 137.7234    0.83    0.40    0.07 0.50 0.28 0.82 
34.6804 137.4425   -0.01    0.48   -0.76 0.50 0.28 0.82 
38.5112 139.5338    1.63    0.29   -1.27 0.48 0.29 0.78 
34.5754 132.2688    0.82    0.83   -0.93 0.48 0.28 0.80 
33.3091 132.5970    0.66    0.49   -0.52 0.47 0.28 0.80 
33.1547 133.2189    0.38    0.35    0.33 0.47 0.28 0.80 
32.5817 129.7770    0.70    0.20   -0.34 0.49 0.28 0.80 
32.6752 130.9871   -4.74   -0.14    0.04 0.48 0.28 0.80 
35.7580 139.6445   -0.40    0.53   -0.66 0.49 0.28 0.80 
33.0818 133.1062   -9.30    0.01   -0.15 0.48 0.28 0.81 
41.8340 141.1422    0.35    0.69   -0.14 0.51 0.29 0.80 
40.5752 140.2950   -1.64    0.21   -1.21 0.45 0.29 0.77 
40.9211 140.9902    1.53    0.31    0.04 0.48 0.29 0.78 
37.3367 140.8085    0.45    1.22   -0.08 0.48 0.29 0.79 
34.6032 138.2152    0.71    0.26   -1.08 0.48 0.28 0.81 
38.2577 140.7547    0.59    0.44    1.77 0.48 0.28 0.78 
35.5867 134.3305    1.80    0.50   -0.98 0.47 0.28 0.78 
37.2640 140.9986    0.83    0.59   -0.44 0.50 0.28 0.80 
43.2891 145.5115    0.02    0.03    0.11 0.49 0.29 0.79 
34.9674 139.0993    1.20    0.39    0.50 0.50 0.28 0.82 
39.7358 141.9672    1.95    0.34   -1.66 0.50 0.30 0.83 
38.1943 140.9109    1.59    0.14   -0.72 0.50 0.29 0.79 
37.8222 139.2169    0.50    0.49   -1.45 0.48 0.29 0.79 
35.4349 133.3389    1.25    0.69   -0.07 0.47 0.28 0.78 
34.0818 135.7532    0.78    0.32   -0.54 0.50 0.29 0.89 
26.0940 127.6664    0.93    0.21   -2.95 0.51 0.28 0.88 
39.3375 141.5349   -0.51    0.85   -2.06 0.48 0.29 0.78 
33.7496 135.3755   -0.32    0.69   -0.88 0.48 0.28 0.80 
34.9227 139.0201    0.52    1.15   -0.48 0.50 0.28 0.81 
38.5486 140.8502    0.80    0.30    2.02 0.48 0.28 0.79 
39.2981 140.2757   -0.76    0.94   -1.23 0.50 0.29 0.80 
34.0798 132.9905    0.68    0.60    0.35 0.48 0.28 0.81 
33.9265 134.6259    0.41    0.87   -1.06 0.48 0.28 0.82 
43.2318 143.2988    1.52    0.20    0.18 0.48 0.28 0.77 
38.4114 140.8519    1.55    0.52    2.43 0.48 0.28 0.77 
34.1987 139.1246   -0.10    0.17    0.22 0.48 0.28 0.82 
33.4938 135.6668   -0.33    0.92   -0.90 0.48 0.28 0.81 
34.2889 134.0234    0.69    0.37   -0.65 0.48 0.28 0.80 
33.9193 133.2266    1.29    0.40   -0.81 0.48 0.28 0.80 
35.7539 138.9536    1.18    0.37    0.61 0.49 0.28 0.85 
33.7516 133.6646    0.99    0.38   -0.65 0.48 0.28 0.87 
27.8197 128.9079    0.47    0.50   -1.12 0.51 0.28 0.85 
34.9437 138.0870    0.00    0.50   -1.02 0.48 0.28 0.80 
24.4474 122.9395    1.26    0.39   -1.42 0.52 0.29 0.90 
37.9296 139.3512    0.18    0.53   -0.60 0.48 0.29 0.80 
34.0532 134.0500    0.32    0.80    0.32 0.48 0.28 0.80 
31.4253 130.8786    0.91    0.58   -0.99 0.49 0.28 0.82 
43.5286 141.8448    0.82    0.33   -0.25 0.48 0.30 0.78 
27.0675 142.1950    1.06    0.44    0.39 0.53 0.28 0.92 
35.0069 139.0820    0.78    0.65   -1.39 0.50 0.28 0.81 
36.1061 140.0872    0.63    0.18   -0.47 0.48 0.28 0.80 
36.2952 139.5423    0.65    0.61   -0.59 0.48 0.28 0.79 
36.2633 140.1743    0.54    0.40    0.68 0.48 0.28 0.80 
36.2037 139.8105    1.38    0.63   -0.65 0.48 0.28 0.79 
36.1813 140.5445    4.79    0.58    0.30 0.45 0.28 0.80 
36.1210 139.3452    0.13    1.00   -0.53 0.48 0.28 0.80 
36.0969 140.3432    1.12    0.34    0.19 0.50 0.28 0.80 
36.0872 139.6367    0.73    0.71   -0.77 0.48 0.28 0.80 
36.0109 139.7999   -0.21    0.42   -1.02 0.50 0.28 0.81 
35.9555 140.6592    1.34    0.45   -0.85 0.50 0.28 0.81 
35.9704 140.4030    1.03    0.60   -0.34 0.48 0.28 0.80 
35.9255 139.4643    1.03    0.45   -0.67 0.48 0.28 0.79 
35.9403 139.9927    1.23    0.80   -0.96 0.49 0.28 0.80 
35.9375 139.6519    3.20    0.54    0.95 0.50 0.28 0.83 
35.8736 140.1455    1.48    0.73   -0.51 0.50 0.28 0.81 
35.8033 140.4070    0.00    0.51   -0.94 0.48 0.28 0.80 
35.7802 139.8128    4.73    0.31    1.38 0.50 0.28 0.82 
35.7865 140.0248    0.09    0.45   -0.63 0.49 0.28 0.81 
35.7175 140.3152    0.44    0.81   -0.27 0.49 0.28 0.81 
35.7773 140.6468    0.30    0.43   -0.69 0.50 0.28 0.81 
35.7264 140.8372    1.17    0.37   -0.20 0.50 0.28 0.81 
35.6755 139.9024    0.60    0.75    0.28 0.49 0.28 0.82 
35.6424 140.4483    2.15    0.82   -1.00 0.47 0.28 0.80 
35.5441 140.1866    1.17    0.59   -0.70 0.50 0.28 0.81 
35.5634 139.6734    0.54    1.19   -1.23 0.49 0.28 0.81 
35.5301 140.3182    1.24    0.58   -0.37 0.49 0.28 0.81 
35.5214 139.4678    0.55    0.69   -1.36 0.49 0.28 0.81 
35.4826 139.3226    0.75    0.60    0.08 0.49 0.28 0.80 
35.4478 140.0513    1.76    0.91   -0.38 0.49 0.28 0.81 
35.4154 139.0452    0.23    0.50   -2.49 0.49 0.28 0.83 
35.4365 139.6538   -0.14    0.68   -0.74 0.50 0.28 0.82 
35.4211 140.3374    1.53    0.88   -0.49 0.50 0.28 0.81 
35.3267 139.4661    0.31    0.80   -0.83 0.48 0.28 0.80 
35.3049 139.2627    0.44    0.31    0.80 0.50 0.28 0.85 
35.3117 139.8255    1.15    0.70    0.55 0.50 0.28 0.81 
35.3331 140.1468    1.20    0.81   -0.97 0.50 0.28 0.81 
35.3216 138.8817    4.58    0.52    0.39 0.48 0.28 0.80 
35.1437 139.8436    1.49    0.54   -0.26 0.50 0.28 0.81 
35.1659 140.2680    1.44    0.75   -0.55 0.49 0.28 0.81 
35.1486 139.1104    0.25    0.45   -1.81 0.51 0.29 0.91 
35.1100 138.9019    0.88    0.51   -2.31 0.50 0.28 0.81 
35.1119 140.0793    2.05    0.62   -0.49 0.50 0.28 0.81 
35.2548 139.9543    0.86    1.04    0.04 0.50 0.28 0.83 
35.0148 138.9979    1.05    0.40   -0.61 0.50 0.28 0.85 
34.9541 139.8641    0.94    0.47    2.08 0.49 0.28 0.81 
34.9393 139.1312    0.78    0.61   -0.36 0.50 0.28 0.81 
34.9161 138.9248    0.30    0.51    2.04 0.49 0.28 0.84 
34.8353 137.6723    0.50    0.62   -0.32 0.50 0.28 0.84 
34.7844 139.3814    0.41    0.94    0.25 0.50 0.28 0.82 
34.7859 138.0175   -0.13    0.61   -0.47 0.48 0.28 0.81 
34.7513 138.9898    0.32    0.43   -0.98 0.48 0.28 0.82 
34.6868 139.4332    2.17    0.43    0.31 0.50 0.28 0.82 
34.3718 139.2579    1.23    0.40   -2.04 0.51 0.29 0.86 
34.1211 139.5038    0.88    0.85    0.06 0.48 0.28 0.81 
34.0591 139.5472   -0.06    0.60   -0.90 0.49 0.28 0.82 
34.8785 139.1244    0.46    0.72   -0.87 0.50 0.28 0.84 
35.7238 139.2681    0.61    0.95   -0.58 0.48 0.28 0.80 
35.6233 138.9759   -0.47    0.48    0.15 0.49 0.28 0.80 
35.6103 139.1572   -0.35    0.33   -0.44 0.49 0.28 0.82 
35.4285 139.2049   -0.22   -0.03   -0.09 0.58 0.32 0.98 
35.2671 139.6648    0.82    0.59    0.13 0.49 0.28 0.82 
35.2455 139.0493    0.96    0.68   -0.13 0.50 0.28 0.82 
35.4436 138.4453    0.41    0.98   -1.10 0.48 0.28 0.80 
35.4966 138.8140   -0.24    0.39   -1.50 0.48 0.28 0.80 
35.3621 138.5634    0.24    0.67   -0.80 0.48 0.28 0.80 
35.3055 138.7707   -0.15    0.44   -1.67 0.48 0.28 0.80 
35.2895 138.4457    0.05    1.23   -0.65 0.48 0.28 0.81 
35.2010 138.2535    0.87    0.78    0.04 0.50 0.29 0.89 
35.2032 138.6170   -5.96    0.70   -0.91 0.49 0.28 0.85 
35.1736 138.7215    0.26    0.88   -1.64 0.48 0.28 0.79 
35.0674 138.5247    0.60    0.90   -0.32 0.50 0.28 0.81 
35.1035 138.3687    0.95    0.50   -0.09 0.49 0.28 0.81 
35.1039 138.1349   -1.02    0.84   -0.91 0.50 0.28 0.87 
34.9905 138.3783    0.57    0.51   -1.09 0.48 0.28 0.82 
35.0793 137.6952   -0.01    0.63    0.02 0.48 0.28 0.81 
34.7761 138.7861    0.56    0.71   -0.43 0.49 0.28 0.82 
34.6100 138.8384    0.60    0.32   -0.20 0.50 0.28 0.81 
34.8439 137.9321    0.32    0.62   -1.28 0.48 0.27 0.81 
34.7578 138.1369    0.49    0.61   -0.97 0.48 0.28 0.80 
34.7383 138.2256   -0.88    0.92    0.13 0.53 0.29 0.88 
34.7153 138.0535   -0.57    0.51   -0.71 0.50 0.28 0.82 
34.6429 138.1293   -0.04    0.53   -1.07 0.50 0.28 0.82 
34.6704 137.9374    1.29    0.45   -0.09 0.49 0.28 0.82 
34.7554 137.9113    0.73    0.44   -0.53 0.48 0.27 0.81 
34.7928 137.7918   -0.11    0.70   -1.78 0.50 0.28 0.82 
34.6719 137.8234    0.66    0.34   -0.87 0.48 0.27 0.80 
34.9377 137.5755   -1.64    0.61    0.12 0.49 0.28 0.81 
34.8648 137.4340   -0.38    0.75   -0.67 0.48 0.28 0.81 
34.8087 137.5543    0.23    0.47   -0.48 0.50 0.28 0.82 
34.7181 137.5149    0.03    0.81   -0.30 0.48 0.27 0.81 
%============================
122 74 -1
212 89 -164
6.1
%============================
 32.5  32.9 0.01  32.7
130.6 131.0 0.01 130.8
0  50 1 17
0 360 1 310
0  90 1 80
0 180 1 175
0 100 1 20
0 100 1 30
0 300 1 50
-10 10  1 0
30
100
10000
10
2016_04_14_M65
4
100
%============================
% DATA Format
% Number of OBS
% Latitude Longitude East North UP Relative_Error (E,N,U) %Relative error = 0 means not use value
% Rang of latitude (down, up limits, walk distance, initial value)
% Rang of longitude (down, up limits, walk distance, initial value)
% Rang of depth from surface (down, up limits, walk distance, initial value)
% Rang of strike [ counter clock wise from north]  (down, up limits, walk distance, initial value)
% Rang of dip angle (down, up limits, walk distance, initial value)
% Rang of rake angle (down, up limits, walk distance, initial value)
% Rang of length (down, up limits, walk distance, initial value)
% Rang of width (down, up limits, walk distance, initial value)
% Rang of slip (down, up limits, walk distance, initial value)
% Rang of hyper-Parameter (down, up limits, walk distance, initial value)
% Mu
% Keep Sample (<Chain Sample)
% Chain Sample
% Number of iterations
% Out put directory
% Type of aPriori Information 0:No info. 1:Mw 2:Meca 3:Mw+Meca 4:Meca+force_Mw 5:loc
% --------------------------
