82
33.3311 130.9678    0.85    6.83    0.53 0.48 0.28 0.80 
32.5464 130.6456   -0.54   -4.03   -0.80 0.51 0.30 0.91 
32.4454 131.6323   -1.45   -1.24    0.63 0.49 0.28 0.83 
33.5361 130.2508   -0.54   -0.03    2.19 0.48 0.28 0.80 
33.5004 130.5220   -1.45    1.59   -0.15 0.50 0.28 0.82 
33.4655 130.8288   -0.73    4.10    0.70 0.47 0.28 0.81 
33.2059 130.5646   -1.43    5.02   -1.67 0.48 0.28 0.81 
33.2749 130.2687    0.07    1.14    1.64 0.48 0.28 0.80 
33.0985 130.0942    0.08   -0.33    0.27 0.47 0.28 0.80 
32.8707 130.2713    5.17   -0.22    0.41 0.49 0.28 0.82 
32.6369 130.1546    4.04    0.29   -1.21 0.48 0.28 0.81 
32.9335 130.5477    7.10    3.64    1.60 0.47 0.28 0.81 
32.8421 130.7648   69.18   30.45  -17.13 0.49 0.28 0.82 
32.7406 131.0993   -5.80  -12.13    1.10 0.48 0.27 0.80 
32.3262 129.9873    1.17   -0.38    0.18 0.48 0.28 0.80 
32.2992 130.5068   -0.14   -3.07    0.17 0.47 0.28 0.81 
32.2387 130.8026   -0.54   -6.17    1.63 0.48 0.28 0.81 
33.4962 131.1689    0.26    2.71   -0.71 0.49 0.28 0.81 
33.2540 131.3473    3.13    3.23   -4.63 0.49 0.28 0.81 
33.0090 131.2861   -7.15   -1.99    1.44 0.48 0.28 0.81 
32.9869 131.5878   -2.80   -0.98    1.83 0.49 0.28 0.82 
32.7040 131.7568   -4.78   -0.77    0.94 0.49 0.28 0.82 
32.6848 131.3276   -4.10   -2.18    1.66 0.50 0.28 0.84 
32.4566 131.1489    1.99   -7.06    0.35 0.50 0.28 0.82 
32.2459 131.1852    0.26   -4.35   -0.13 0.49 0.28 0.83 
32.1704 131.5158    1.78   -2.03   -0.10 0.45 0.28 0.82 
31.9650 131.0786    0.24   -3.08    1.31 0.48 0.28 0.81 
32.0575 130.5978    0.53   -2.98    1.11 0.48 0.28 0.82 
33.6405 130.8239    0.21    2.63    1.54 0.48 0.28 0.80 
33.3272 130.7012   -0.81    5.78    0.16 0.50 0.28 0.82 
33.1960 129.9401    1.21   -0.11    0.24 0.48 0.28 0.80 
32.7957 130.1664    2.44    0.02    1.92 0.47 0.28 0.80 
32.7930 130.3360    6.21    0.18   -0.30 0.48 0.28 0.82 
32.7123 130.2167    5.13    0.19   -0.21 0.48 0.28 0.82 
32.7226 130.3523    7.35    0.58    0.40 0.49 0.28 0.82 
32.6607 130.2907    3.86    0.65    1.19 0.49 0.28 0.83 
33.1220 131.0629    4.10   16.36   -0.83 0.48 0.28 0.86 
33.0113 130.7486    0.92   17.86    0.74 0.49 0.28 0.81 
32.8707 130.9962  -61.36  -69.94   24.59 0.49 0.28 0.82 
32.5767 130.7949    0.48  -26.13    0.71 0.50 0.28 0.84 
32.9507 131.0934  -14.09    5.75   -5.76 0.48 0.28 0.81 
32.8450 131.1321  -20.69   -3.95   -0.48 0.50 0.28 0.86 
33.5371 131.3566   -0.15    1.29    0.91 0.48 0.28 0.80 
33.3499 131.5884   -1.21    0.20    0.03 0.49 0.28 0.81 
33.2703 131.1211    0.72    6.04    0.04 0.48 0.28 0.81 
33.2284 131.5795   -3.16   -0.28    2.76 0.49 0.28 0.81 
33.1906 130.9157    0.46   16.05   -0.54 0.48 0.28 0.83 
32.5570 131.5307   -0.30   -1.31   -0.01 0.43 0.28 0.81 
32.3844 131.3340   -0.16   -3.01   -0.23 0.49 0.28 0.82 
32.0477 130.8656   -1.82   -3.97    1.32 0.49 0.28 0.82 
32.1971 130.1797    0.79   -0.93   -0.39 0.50 0.28 0.83 
33.3465 130.4445    5.40    2.38   -1.39 0.50 0.28 0.82 
32.9456 129.9897    0.64   -0.28   -0.15 0.48 0.28 0.80 
32.5817 130.4304    6.28    1.22    0.04 0.48 0.28 0.81 
32.5245 130.0852    1.46   -0.19    1.12 0.48 0.28 0.81 
32.4263 130.3236    1.96   -0.61   -0.58 0.50 0.28 0.89 
33.0974 130.4650    0.95    2.53   -0.59 0.51 0.28 0.82 
33.1278 131.2068   -0.96    5.32   -0.83 0.50 0.28 0.84 
32.0984 130.3607   -0.22   -1.12   -0.27 0.48 0.28 0.81 
33.5798 130.6757    0.38    2.57   -0.41 0.49 0.28 0.82 
33.5647 130.9954    0.40    2.57    0.29 0.48 0.28 0.84 
33.2920 130.0972    0.38    0.58    0.55 0.48 0.28 0.80 
33.0734 129.8630   12.28    0.59    0.96 0.47 0.28 0.81 
32.7683 129.9589    1.96   -0.27   -0.86 0.50 0.29 0.92 
33.0601 130.6218    1.18    7.61    1.13 0.48 0.28 0.81 
32.9959 130.8727   -0.81   44.37    8.36 0.48 0.28 0.82 
32.7092 130.7484   23.56    9.97  -17.69 0.48 0.28 0.80 
32.3961 130.8273    0.66  -11.53   -0.28 0.51 0.30 1.05 
32.3674 130.1799    1.32   -0.29    0.27 0.48 0.28 0.86 
32.3435 130.6565   -1.36   -6.03    0.00 0.53 0.29 0.98 
32.2924 130.9864    0.38   -6.43    0.65 0.48 0.28 0.81 
33.3838 131.2917   -2.63    3.74    1.13 0.48 0.28 0.80 
33.0962 131.7484   -1.19   -0.60    2.50 0.50 0.28 0.85 
32.8989 131.4415   -5.53   -1.49   -0.34 0.49 0.28 0.84 
32.8522 131.6292   -3.29   -0.77    1.10 0.49 0.28 0.82 
32.5279 131.3647   -0.97   -2.33    0.44 0.49 0.28 0.82 
32.3162 131.5830   -0.70   -1.76    0.78 0.50 0.28 0.86 
32.1119 131.3475    0.56   -2.52   -0.43 0.50 0.28 0.82 
32.0018 131.2545    0.34   -2.31    1.10 0.48 0.28 0.82 
33.0788 131.3840   -3.46   -1.80    0.33 0.49 0.28 0.82 
32.5817 129.7770    0.81    0.10    0.28 0.49 0.28 0.81 
32.6752 130.9871    7.55  -30.44    0.47 0.48 0.28 0.81
%============================
131 53 -7
226 84 -142
7.1
%============================
 32.5  33.0 0.01  32.8
130.6 131.0 0.01 130.8
0  50 1  17
0 360 1 310
0  90 1  80
0 180 1 175
0 100 1  20
0 100 1  30
0 300 1  50
0   0 1   0
-10 10  1 0
30
100
10000
10
2016_04_16_M73
4
100
%============================
% DATA Format
% Number of OBS
% Latitude Longitude East North UP Relative_Error (E,N,U) %Relative error = 0 means not use value
% Rang of latitude (down, up limits, walk distance, initial value)
% Rang of longitude (down, up limits, walk distance, initial value)
% Rang of depth from surface (down, up limits, walk distance, initial value)
% Rang of strike [ counter clock wise from north]  (down, up limits, walk distance, initial value)
% Rang of dip angle (down, up limits, walk distance, initial value)
% Rang of rake angle (down, up limits, walk distance, initial value)
% Rang of length (down, up limits, walk distance, initial value)
% Rang of width (down, up limits, walk distance, initial value)
% Rang of slip (down, up limits, walk distance, initial value)
% Rang of hyper-Parameter (down, up limits, walk distance, initial value)
% Mu
% Keep Sample (<Chain Sample)
% Chain Sample
% Number of iterations
% Out put directory
% Type of aPriori Information 0:No info. 1:Mw 2:Meca 3:Mw+Meca 4:Meca+force_Mw 5:loc
% INFO: 20160414M65 DISTANCE 100km from (32.8N 130.8E) 
% --------------------------
